4039
0 39
1 1650
10 40
100 1721
1000 3354
1001 2887
1002 2495
1003 2313
1004 2272
1005 1848
1006 246
1007 895
1008 3704
1009 893
101 3011
1010 2687
1011 2536
1012 2772
1013 1942
1014 756
1015 1599
1016 3627
1017 209
1018 3309
1019 2615
102 939
1020 3588
1021 743
1022 3953
1023 2336
1024 1329
1025 3407
1026 1913
1027 3908
1028 3084
1029 2992
103 3422
1030 1149
1031 2304
1032 3239
1033 2571
1034 2379
1035 2633
1036 3178
1037 2246
1038 3857
1039 1749
104 2667
1040 2006
1041 2726
1042 3344
1043 3396
1044 3378
1045 1789
1046 1449
1047 2005
1048 1334
1049 1791
105 1856
1050 1352
1051 274
1052 14
1053 2357
1054 3890
1055 2051
1056 247
1057 3587
1058 772
1059 327
106 3098
1060 2019
1061 3335
1062 2723
1063 3035
1064 2487
1065 4030
1066 1534
1067 3470
1068 3445
1069 3384
107 53
1070 355
1071 3613
1072 3060
1073 3707
1074 2773
1075 1910
1076 906
1077 2126
1078 1033
1079 1428
108 1422
1080 2
1081 3409
1082 725
1083 1751
1084 3330
1085 1828
1086 640
1087 2384
1088 1830
1089 1849
109 480
1090 3252
1091 2271
1092 2973
1093 3297
1094 3930
1095 2078
1096 3912
1097 829
1098 2305
1099 492
11 3723
110 789
1100 1775
1101 234
1102 1531
1103 1674
1104 9
1105 3749
1106 569
1107 807
1108 3546
1109 1941
111 1074
1110 2412
1111 1788
1112 2260
1113 1146
1114 1755
1115 3442
1116 2660
1117 95
1118 1279
1119 2338
112 3884
1120 1598
1121 16
1122 2179
1123 1947
1124 232
1125 809
1126 207
1127 2896
1128 323
1129 2747
113 657
1130 3620
1131 2104
1132 57
1133 3841
1134 3068
1135 472
1136 736
1137 2368
1138 2355
1139 11
114 1556
1140 1226
1141 2393
1142 1
1143 2859
1144 2648
1145 3911
1146 2477
1147 3833
1148 1529
1149 1032
115 944
1150 2659
1151 3963
1152 2020
1153 208
1154 1320
1155 554
1156 2478
1157 3616
1158 2299
1159 15
116 945
1160 3096
1161 3415
1162 3001
1163 1278
1164 1912
1165 3102
1166 3557
1167 2044
1168 2008
1169 3059
117 3887
1170 1409
1171 2125
1172 144
1173 2074
1174 754
1175 1187
1176 4005
1177 3544
1178 2911
1179 1727
118 654
1180 2762
1181 1129
1182 953
1183 3628
1184 2625
1185 803
1186 872
1187 3185
1188 356
1189 3220
119 762
1190 3796
1191 1657
1192 1900
1193 730
1194 1450
1195 2761
1196 1031
1197 1787
1198 905
1199 55
12 4003
120 3771
1200 3726
1201 56
1202 1820
1203 3803
1204 2612
1205 236
1206 2556
1207 243
1208 3756
1209 1154
121 3684
1210 3380
1211 805
1212 2439
1213 1851
1214 1814
1215 2616
1216 3645
1217 425
1218 1406
1219 100
122 751
1220 3878
1221 2375
1222 1140
1223 3413
1224 3640
1225 1051
1226 18
1227 1528
1228 1337
1229 3052
123 3449
1230 808
1231 2301
1232 874
1233 3476
1234 3382
1235 742
1236 12
1237 1148
1238 3041
1239 2004
124 2284
1240 1151
1241 3044
1242 2339
1243 60
1244 2024
1245 543
1246 560
1247 901
1248 1085
1249 3069
125 1961
1250 1333
1251 2334
1252 3870
1253 1821
1254 3869
1255 2547
1256 1946
1257 2785
1258 2725
1259 360
126 3283
1260 359
1261 2011
1262 3889
1263 1753
1264 3740
1265 3455
1266 1351
1267 1427
1268 2046
1269 804
127 1421
1270 3902
1271 1948
1272 577
1273 282
1274 4004
1275 275
1276 2163
1277 726
1278 1863
1279 3417
128 1919
1280 625
1281 284
1282 283
1283 3605
1284 544
1285 1328
1286 3817
1287 3728
1288 2315
1289 1186
129 2829
1290 1638
1291 2380
1292 1711
1293 2600
1294 1058
1295 1319
1296 2812
1297 1852
1298 3321
1299 1052
13 3392
130 792
1300 2180
1301 3562
1302 324
1303 2010
1304 1088
1305 1467
1306 270
1307 1841
1308 3042
1309 3333
131 1100
1310 13
1311 3669
1312 952
1313 2909
1314 828
1315 2486
1316 1902
1317 2306
1318 2182
1319 2028
132 2533
1320 2079
1321 2548
1322 739
1323 1139
1324 722
1325 1489
1326 2414
1327 3399
1328 3029
1329 1466
133 1651
1330 143
1331 145
1332 421
1333 825
1334 3002
1335 330
1336 1277
1337 1451
1338 357
1339 856
134 2961
1340 1999
1341 1331
1342 2457
1343 1056
1344 2394
1345 2786
1346 2408
1347 918
1348 276
1349 2164
135 1420
1350 1601
1351 1923
1352 325
1353 2500
1354 420
1355 358
1356 2681
1357 2499
1358 1690
1359 2702
136 351
1360 1842
1361 241
1362 1597
1363 873
1364 643
1365 1633
1366 2105
1367 1034
1368 3395
1369 2307
137 1763
1370 2007
1371 2027
1372 3826
1373 2789
1374 0
1375 1706
1376 627
1377 146
1378 1180
1379 3237
138 3488
1380 3039
1381 890
1382 3498
1383 4035
1384 1790
1385 3234
1386 4033
1387 3206
1388 1183
1389 1138
139 3777
1390 210
1391 328
1392 2597
1393 203
1394 1150
1395 3998
1396 1532
1397 2886
1398 3119
1399 1655
14 1713
140 2405
1400 1685
1401 3514
1402 1202
1403 3545
1404 181
1405 1770
1406 3554
1407 470
1408 423
1409 3003
141 1899
1410 1843
1411 1227
1412 3936
1413 1776
1414 3914
1415 1850
1416 1637
1417 4012
1418 3024
1419 3236
142 3180
1420 1490
1421 3320
1422 3021
1423 2948
1424 876
1425 1057
1426 2018
1427 1689
1428 2607
1429 2290
143 3385
1430 3789
1431 1332
1432 738
1433 1347
1434 2215
1435 2598
1436 2540
1437 2381
1438 2318
1439 3533
144 1712
1440 2409
1441 1350
1442 1330
1443 491
1444 2724
1445 2645
1446 2894
1447 242
1448 744
1449 1822
145 3315
1450 1225
1451 1622
1452 1179
1453 1324
1454 494
1455 2385
1456 806
1457 2244
1458 1291
1459 2904
146 764
1460 1205
1461 2910
1462 2300
1463 138
1464 418
1465 2145
1466 2340
1467 1636
1468 826
1469 2212
147 3106
1470 101
1471 97
1472 19
1473 1619
1474 3067
1475 4
1476 3610
1477 3615
1478 2458
1479 728
148 3214
1480 1292
1481 3253
1482 1087
1483 239
1484 802
1485 3336
1486 3842
1487 558
1488 904
1489 3316
149 947
1490 2485
1491 322
1492 1530
1493 1181
1494 735
1495 1410
1496 1086
1497 1305
1498 3778
1499 3592
15 791
150 788
1500 1338
1501 2703
1502 1621
1503 3248
1504 1054
1505 731
1506 3179
1507 271
1508 3612
1509 59
151 2016
1510 3692
1511 734
1512 1709
1513 1206
1514 540
1515 493
1516 205
1517 1317
1518 3561
1519 3193
152 3566
1520 1862
1521 2963
1522 204
1523 1968
1524 1429
1525 2673
1526 3408
1527 1752
1528 469
1529 3190
153 4036
1530 1335
1531 1308
1532 3038
1533 1152
1534 3836
1535 3192
1536 2026
1537 1861
1538 96
1539 2217
154 4028
1540 644
1541 2537
1542 2611
1543 1325
1544 2048
1545 1683
1546 4032
1547 1945
1548 1177
1549 1943
155 2578
1550 3051
1551 2128
1552 3299
1553 3191
1554 1130
1555 1840
1556 3830
1557 1792
1558 1768
1559 233
156 1988
1560 3714
1561 1224
1562 2354
1563 639
1564 2050
1565 2378
1566 1322
1567 737
1568 2461
1569 3383
157 3251
1570 3097
1571 1182
1572 3463
1573 740
1574 2776
1575 424
1576 915
1577 2991
1578 1774
1579 3402
158 2532
1580 238
1581 914
1582 721
1583 916
1584 1035
1585 2047
1586 3331
1587 724
1588 2569
1589 1326
159 2112
1590 2763
1591 2021
1592 2784
1593 3416
1594 855
1595 541
1596 2291
1597 1298
1598 3154
1599 3997
16 85
160 3456
1600 2317
1601 877
1602 2077
1603 1707
1604 902
1605 2130
1606 80
1607 2358
1608 2131
1609 1658
161 3434
1610 1203
1611 727
1612 1949
1613 93
1614 471
1615 1839
1616 2053
1617 1491
1618 3999
1619 1750
162 3524
1620 575
1621 98
1622 1309
1623 2582
1624 1847
1625 3602
1626 3083
1627 3907
1628 1710
1629 1176
163 1072
1630 188
1631 2325
1632 240
1633 2727
1634 2103
1635 3225
1636 892
1637 1771
1638 3345
1639 2657
164 3672
1640 1408
1641 3865
1642 770
1643 2656
1644 1153
1645 2181
1646 559
1647 2787
1648 3362
1649 2613
165 2531
1650 2247
1651 3823
1652 645
1653 1293
1654 1682
1655 2017
1656 1348
1657 2497
1658 3873
1659 212
166 4008
1660 419
1661 1914
1662 903
1663 674
1664 3387
1665 245
1666 1349
1667 3768
1668 329
1669 673
167 3529
1670 676
1671 1323
1672 52
1673 1620
1674 2073
1675 102
1676 753
1677 859
1678 3358
1679 553
168 3129
1680 2905
1681 272
1682 741
1683 1297
1684 253
1685 1274
1686 3043
1687 2335
1688 467
1689 1431
169 2907
1690 3713
1691 180
1692 3036
1693 3285
1694 2682
1695 2893
1696 2618
1697 4038
1698 2570
1699 1055
17 3779
170 750
1700 2624
1701 3901
1702 1315
1703 572
1704 3440
1705 2333
1706 3317
1707 1596
1708 1488
1709 2688
171 90
1710 3863
1711 3903
1712 3122
1713 2781
1714 1634
1715 758
1716 2292
1717 2080
1718 1386
1719 1831
172 655
1720 3418
1721 206
1722 1275
1723 3273
1724 3462
1725 571
1726 3175
1727 273
1728 2788
1729 8
173 61
1730 99
1731 3000
1732 2527
1733 1178
1734 2245
1735 2059
1736 1126
1737 2411
1738 1336
1739 1940
174 1048
1740 1145
1741 235
1742 1901
1743 3379
1744 1147
1745 2608
1746 1128
1747 3361
1748 3668
1749 1084
175 941
1750 1127
1751 278
1752 58
1753 628
1754 2972
1755 919
1756 3806
1757 2060
1758 833
1759 3696
176 3421
1760 3284
1761 641
1762 3864
1763 1688
1764 1600
1765 1310
1766 3146
1767 1684
1768 326
1769 3630
177 1101
1770 3061
1771 2243
1772 675
1773 1773
1774 1296
1775 4011
1776 3601
1777 2971
1778 3412
1779 1207
178 67
1780 3235
1781 3973
1782 2915
1783 1411
1784 831
1785 1339
1786 2022
1787 875
1788 1407
1789 824
179 3314
1790 3
1791 468
1792 3312
1793 94
1794 3173
1795 1911
1796 1430
1797 3947
1798 3794
1799 1131
18 3895
180 3232
1800 576
1801 539
1802 827
1803 2568
1804 1603
1805 2410
1806 2337
1807 642
1808 3600
1809 1125
181 1560
1810 3155
1811 1307
1812 3147
1813 1306
1814 3990
1815 2535
1816 2129
1817 2415
1818 1141
1819 2400
182 2783
1820 891
1821 3034
1822 3648
1823 1185
1824 281
1825 732
1826 2689
1827 672
1828 495
1829 2459
183 1652
1830 3924
1831 490
1832 1748
1833 2583
1834 1813
1835 1327
1836 3200
1837 830
1838 1854
1839 2261
184 2111
1840 2897
1841 3177
1842 2731
1843 1635
1844 2183
1845 3262
1846 2216
1847 17
1848 3638
1849 237
185 776
1850 1687
1851 3709
1852 3553
1853 3534
1854 3946
1855 3275
1856 3706
1857 2614
1858 3614
1859 1602
186 661
1860 1769
1861 629
1862 1903
1863 1998
1864 1793
1865 2658
1866 1829
1867 1295
1868 2132
1869 3787
187 63
1870 3432
1871 3307
1872 757
1873 917
1874 1966
1875 3662
1876 1142
1877 2480
1878 422
1879 1036
188 662
1880 2370
1881 2620
1882 2895
1883 3725
1884 2888
1885 574
1886 2319
1887 5
1888 139
1889 3593
189 89
1890 2496
1891 630
1892 3729
1893 723
1894 773
1895 2029
1896 2356
1897 556
1898 244
1899 6
19 942
190 3326
1900 3621
1901 2775
1902 1468
1903 3814
1904 1939
1905 2049
1906 10
1907 3598
1908 3644
1909 1314
191 2790
1910 3381
1911 1967
1912 164
1913 213
1914 2706
1915 3296
1916 2116
1917 2000
1918 853
1919 3552
192 1760
1920 1681
1921 1175
1922 3992
1923 1384
1924 3268
1925 849
1926 687
1927 3169
1928 3624
1929 361
193 3300
1930 2694
1931 1965
1932 681
1933 2585
1934 3469
1935 2162
1936 3216
1937 4015
1938 2508
1939 2169
194 259
1940 2930
1941 1441
1942 1373
1943 2966
1944 1546
1945 1443
1946 1368
1947 2203
1948 2621
1949 2100
195 1558
1950 3027
1951 620
1952 3880
1953 2988
1954 297
1955 700
1956 1482
1957 2159
1958 2628
1959 1232
196 2233
1960 1041
1961 3375
1962 32
1963 3712
1964 1190
1965 2450
1966 1123
1967 3958
1968 3006
1969 3227
197 2986
1970 1578
1971 3160
1972 1116
1973 2158
1974 607
1975 3542
1976 3302
1977 4029
1978 2709
1979 2507
198 1973
1980 3167
1981 838
1982 2287
1983 2867
1984 1253
1985 219
1986 2493
1987 703
1988 2814
1989 3162
199 1898
1990 2589
1991 2626
1992 1552
1993 30
1994 1026
1995 767
1996 3748
1997 2241
1998 1170
1999 1575
2 3525
20 1075
200 761
2000 3485
2001 616
2002 2719
2003 3816
2004 3467
2005 1868
2006 1931
2007 2275
2008 600
2009 3014
201 2525
2010 3327
2011 3095
2012 3551
2013 3679
2014 1174
2015 2444
2016 3861
2017 1477
2018 3015
2019 1250
202 3935
2020 1741
2021 3133
2022 617
2023 2594
2024 3516
2025 2160
2026 2168
2027 1432
2028 1382
2029 3365
203 1859
2030 3163
2031 1737
2032 2237
2033 3458
2034 1480
2035 2199
2036 3559
2037 1110
2038 3424
2039 303
204 2234
2040 364
2041 1478
2042 300
2043 1536
2044 2186
2045 848
2046 2987
2047 679
2048 432
2049 160
205 3917
2050 613
2051 3770
2052 1472
2053 1535
2054 354
2055 2451
2056 1732
2057 3355
2058 2288
2059 2402
206 3847
2060 2885
2061 3168
2062 1011
2063 1740
2064 667
2065 2799
2066 3053
2067 1251
2068 2715
2069 28
207 3867
2070 1980
2071 2329
2072 1580
2073 2464
2074 2511
2075 3324
2076 2294
2077 2854
2078 1374
2079 2273
208 1495
2080 2692
2081 301
2082 1403
2083 671
2084 900
2085 2098
2086 1731
2087 2918
2088 428
2089 161
209 3759
2090 1539
2091 2693
2092 1365
2093 1738
2094 3667
2095 2826
2096 2990
2097 3822
2098 2274
2099 3303
21 2365
210 3683
2100 2093
2101 2425
2102 1029
2103 1081
2104 850
2105 2586
2106 3138
2107 3212
2108 1570
2109 3634
211 747
2110 3323
2111 147
2112 2699
2113 2095
2114 601
2115 2509
2116 1115
2117 610
2118 430
2119 3543
212 2960
2120 2587
2121 221
2122 1678
2123 847
2124 2884
2125 2167
2126 1192
2127 1385
2128 215
2129 2677
213 660
2130 1194
2131 3004
2132 844
2133 621
2134 1096
2135 2202
2136 2754
2137 3717
2138 299
2139 653
214 1077
2140 1784
2141 3641
2142 1786
2143 1025
2144 682
2145 1730
2146 2698
2147 3486
2148 2235
2149 2545
215 3790
2150 35
2151 1114
2152 2099
2153 1068
2154 218
2155 1014
2156 2443
2157 1962
2158 603
2159 765
216 3055
2160 3136
2161 3230
2162 1977
2163 1383
2164 3141
2165 2964
2166 3883
2167 3188
2168 3137
2169 1094
217 88
2170 1551
2171 618
2172 651
2173 159
2174 1736
2175 3995
2176 2995
2177 2544
2178 4000
2179 217
218 1561
2180 152
2181 3652
2182 4022
2183 2622
2184 1363
2185 3558
2186 3831
2187 845
2188 363
2189 846
219 3107
2190 896
2191 2115
2192 3170
2193 3217
2194 1436
2195 3054
2196 1233
2197 2947
2198 840
2199 2426
22 3130
220 3774
2200 664
2201 1256
2202 2156
2203 2716
2204 3659
2205 3837
2206 1783
2207 1548
2208 2800
2209 3357
221 3673
2210 2753
2211 2864
2212 1884
2213 3784
2214 608
2215 2546
2216 429
2217 2848
2218 1111
2219 3736
222 477
2220 3159
2221 1906
2222 686
2223 2996
2224 1028
2225 2627
2226 1013
2227 3762
2228 602
2229 366
223 749
2230 3991
2231 2593
2232 2391
2233 367
2234 3582
2235 1066
2236 2917
2237 1921
2238 1978
2239 1440
224 3651
2240 1922
2241 841
2242 3581
2243 1434
2244 1255
2245 3665
2246 1735
2247 2994
2248 2445
2249 346
225 1099
2250 302
2251 3894
2252 4037
2253 1679
2254 1235
2255 2293
2256 3967
2257 2827
2258 434
2259 3269
226 1714
2260 2916
2261 1920
2262 3797
2263 2195
2264 1030
2265 3265
2266 852
2267 3229
2268 2092
2269 3274
227 1049
2270 1547
2271 2002
2272 3949
2273 2328
2274 2831
2275 2463
2276 31
2277 3980
2278 1880
2279 1471
228 3448
2280 1734
2281 3666
2282 348
2283 1027
2284 615
2285 2388
2286 3277
2287 431
2288 3194
2289 1545
229 2579
2290 33
2291 3366
2292 350
2293 3201
2294 149
2295 1234
2296 2876
2297 3755
2298 3519
2299 2993
23 473
230 3760
2300 1869
2301 3818
2302 1095
2303 3724
2304 612
2305 3881
2306 1112
2307 2494
2308 165
2309 2868
231 778
2310 3702
2311 433
2312 2577
2313 1039
2314 3009
2315 2609
2316 3540
2317 609
2318 1015
2319 1442
232 2256
2320 2815
2321 2592
2322 2449
2323 37
2324 1124
2325 2389
2326 1568
2327 148
2328 699
2329 2801
233 2396
2330 2584
2331 2855
2332 1680
2333 2166
2334 1119
2335 2588
2336 347
2337 4026
2338 2165
2339 647
234 3886
2340 1883
2341 1193
2342 1191
2343 701
2344 150
2345 1866
2346 2157
2347 216
2348 1538
2349 1553
235 3242
2350 1907
2351 1093
2352 1078
2353 2264
2354 435
2355 685
2356 898
2357 3942
2358 1040
2359 2510
236 1395
2360 3541
2361 1979
2362 3617
2363 427
2364 3016
2365 1963
2366 3022
2367 3530
2368 611
2369 1871
237 4017
2370 2877
2371 1404
2372 702
2373 3218
2374 1109
2375 2185
2376 3393
2377 153
2378 769
2379 2552
238 1400
2380 3785
2381 2262
2382 1865
2383 3968
2384 3322
2385 3228
2386 2978
2387 1364
2388 3977
2389 1577
239 1654
2390 1435
2391 2263
2392 2492
2393 646
2394 2989
2395 1882
2396 349
2397 1195
2398 353
2399 1091
24 45
240 476
2400 2717
2401 2171
2402 2198
2403 3008
2404 2878
2405 3010
2406 2097
2407 2866
2408 220
2409 652
241 3955
2410 1108
2411 3278
2412 158
2413 1576
2414 2654
2415 3226
2416 3356
2417 768
2418 3923
2419 2117
242 3087
2420 2146
2421 1479
2422 3007
2423 3340
2424 1975
2425 2862
2426 1904
2427 2652
2428 1083
2429 2462
243 3056
2430 3563
2431 2846
2432 1067
2433 2479
2434 1012
2435 3028
2436 151
2437 3658
2438 2517
2439 2847
244 3927
2440 1405
2441 3556
2442 3457
2443 1867
2444 1554
2445 1433
2446 2242
2447 3182
2448 2591
2449 2755
245 2285
2450 2094
2451 1010
2452 3961
2453 1189
2454 3727
2455 1976
2456 1038
2457 1934
2458 2236
2459 3171
246 2286
2460 649
2461 684
2462 1881
2463 1444
2464 604
2465 3419
2466 2295
2467 1402
2468 648
2469 666
247 3780
2470 4023
2471 1469
2472 1071
2473 2390
2474 162
2475 2327
2476 2651
2477 2518
2478 689
2479 3560
248 752
2480 2861
2481 3664
2482 3460
2483 3960
2484 1885
2485 1870
2486 1905
2487 3189
2488 2197
2489 2623
249 2728
2490 2170
2491 3270
2492 669
2493 3975
2494 3853
2495 2428
2496 3450
2497 678
2498 3231
2499 1733
25 66
250 3555
2500 2427
2501 1113
2502 214
2503 3295
2504 1118
2505 3981
2506 365
2507 2701
2508 1470
2509 698
251 2113
2510 2714
2511 839
2512 1024
2513 1555
2514 3737
2515 2813
2516 843
2517 3982
2518 2392
2519 2332
252 1990
2520 222
2521 668
2522 3731
2523 3468
2524 3048
2525 2863
2526 665
2527 2825
2528 2196
2529 3568
253 3682
2530 2718
2531 2091
2532 1367
2533 680
2534 2708
2535 3376
2536 36
2537 2424
2538 614
2539 1569
254 1097
2540 1042
2541 1037
2542 362
2543 683
2544 3781
2545 2201
2546 1401
2547 155
2548 3272
2549 1375
255 3962
2550 2653
2551 670
2552 1079
2553 34
2554 2700
2555 156
2556 1739
2557 1016
2558 3746
2559 2001
256 2395
2560 650
2561 688
2562 3925
2563 3342
2564 1080
2565 3264
2566 2595
2567 842
2568 3671
2569 3882
257 1653
2570 677
2571 3464
2572 3346
2573 1082
2574 3132
2575 2869
2576 2965
2577 3888
2578 1122
2579 29
258 1987
2580 163
2581 3263
2582 1236
2583 2144
2584 3913
2585 1172
2586 1121
2587 3856
2588 296
2589 3711
259 790
2590 897
2591 1366
2592 2387
2593 3058
2594 2289
2595 2824
2596 697
2597 3506
2598 352
2599 1069
26 1493
260 3369
2600 663
2601 2003
2602 851
2603 2782
2604 369
2605 3364
2606 605
2607 2979
2608 2875
2609 2610
261 1398
2610 1579
2611 606
2612 2596
2613 3716
2614 2200
2615 899
2616 1092
2617 154
2618 2590
2619 1254
262 3739
2620 1169
2621 3747
2622 1549
2623 368
2624 1537
2625 854
2626 1171
2627 1964
2628 157
2629 298
263 940
2630 3461
2631 1120
2632 3910
2633 2161
2634 1481
2635 3271
2636 619
2637 4006
2638 2695
2639 1117
264 3368
2640 1933
2641 3809
2642 304
2643 2413
2644 3454
2645 3282
2646 1252
2647 766
2648 1173
2649 1009
265 1399
2650 1550
2651 1188
2652 3897
2653 1070
2654 1785
2655 3341
2656 2096
2657 1932
2658 3757
2659 2707
266 43
2660 3183
2661 2349
2662 1455
2663 1705
2664 2106
2665 2063
2666 1525
2667 1458
2668 2746
2669 256
267 475
2670 3247
2671 2505
2672 3570
2673 2898
2674 505
2675 587
2676 3166
2677 834
2678 3655
2679 1346
268 3260
2680 1527
2681 2298
2682 2061
2683 2516
2684 2712
2685 2148
2686 837
2687 289
2688 2984
2689 3609
269 1720
2690 2084
2691 2661
2692 4027
2693 835
2694 1389
2695 3944
2696 2853
2697 3186
2698 2513
2699 3371
27 3773
270 1860
2700 2797
2701 2455
2702 1452
2703 3244
2704 1476
2705 449
2706 514
2707 3489
2708 3744
2709 2924
271 777
2710 1937
2711 999
2712 1438
2713 3255
2714 3437
2715 994
2716 1459
2717 2259
2718 869
2719 293
272 1426
2720 2150
2721 3490
2722 3891
2723 998
2724 2901
2725 2982
2726 822
2727 3017
2728 1744
2729 231
273 1562
2730 195
2731 3431
2732 2835
2733 2193
2734 1930
2735 1886
2736 3976
2737 1893
2738 1345
2739 2205
274 3128
2740 2213
2741 447
2742 2223
2743 444
2744 3281
2745 2431
2746 4034
2747 993
2748 694
2749 446
275 1916
2750 1340
2751 2749
2752 3846
2753 3221
2754 227
2755 2468
2756 813
2757 889
2758 1245
2759 800
276 2635
2760 3654
2761 2792
2762 1380
2763 223
2764 442
2765 334
2766 2664
2767 3678
2768 2922
2769 820
277 746
2770 502
2771 2031
2772 591
2773 2297
2774 988
2775 795
2776 3472
2777 1209
2778 294
2779 2133
278 1050
2780 1877
2781 2401
2782 1266
2783 584
2784 3500
2785 1460
2786 2828
2787 691
2788 2501
2789 3071
279 1073
2790 1928
2791 871
2792 2662
2793 387
2794 2066
2795 2923
2796 500
2797 1746
2798 3848
2799 2324
28 1715
280 87
2800 1701
2801 3661
2802 3741
2803 193
2804 3338
2805 2998
2806 375
2807 2675
2808 3453
2809 2528
281 1425
2810 2601
2811 3625
2812 2087
2813 785
2814 3808
2815 1265
2816 3481
2817 990
2818 2192
2819 3840
282 4007
2820 799
2821 2013
2822 3427
2823 403
2824 2506
2825 832
2826 2221
2827 1212
2828 381
2829 782
283 3447
2830 1743
2831 995
2832 436
2833 441
2834 485
2835 1388
2836 690
2837 2752
2838 949
2839 255
284 3233
2840 2710
2841 1496
2842 2932
2843 189
2844 2064
2845 1745
2846 2777
2847 3783
2848 1927
2849 2088
285 2962
2850 267
2851 3966
2852 3765
2853 405
2854 1267
2855 3629
2856 3031
2857 3928
2858 1461
2859 2258
286 1718
2860 3674
2861 2503
2862 2838
2863 503
2864 266
2865 2768
2866 2107
2867 512
2868 3608
2869 393
287 3896
2870 798
2871 588
2872 261
2873 1022
2874 2515
2875 507
2876 3254
2877 510
2878 3070
2879 3245
288 2906
2880 2254
2881 1875
2882 3807
2883 786
2884 3633
2885 1475
2886 1376
2887 230
2888 2676
2889 2282
289 943
2890 1019
2891 3334
2892 1583
2893 2679
2894 2345
2895 4031
2896 445
2897 2674
2898 3477
2899 3224
29 3465
290 3513
2900 1248
2901 437
2902 2837
2903 2983
2904 2539
2905 2865
2906 229
2907 3974
2908 2892
2909 811
291 659
2910 1046
2911 515
2912 3062
2913 262
2914 290
2915 2899
2916 1659
2917 4002
2918 3571
2919 1263
292 3926
2920 2034
2921 2472
2922 3918
2923 3279
2924 1044
2925 2121
2926 248
2927 268
2928 373
2929 1343
293 2398
2930 2832
2931 1023
2932 3292
2933 2985
2934 2466
2935 1377
2936 392
2937 2454
2938 1879
2939 2089
294 3987
2940 226
2941 3426
2942 2134
2943 1661
2944 228
2945 814
2946 197
2947 2082
2948 3697
2949 1500
295 1989
2950 1437
2951 796
2952 3916
2953 3521
2954 3705
2955 586
2956 885
2957 2873
2958 378
2959 3246
296 3769
2960 509
2961 3436
2962 780
2963 3618
2964 331
2965 3360
2966 2251
2967 3825
2968 787
2969 448
297 1492
2970 2881
2971 3752
2972 3372
2973 2346
2974 1341
2975 2320
2976 3849
2977 2891
2978 1702
2979 1878
298 3181
2980 3208
2981 2981
2982 481
2983 1524
2984 3115
2985 1017
2986 991
2987 3473
2988 508
2989 836
299 2109
2990 2469
2991 406
2992 551
2993 2514
2994 1020
2995 1457
2996 196
2997 1499
2998 3377
2999 3423
3 759
30 3520
300 258
3000 371
3001 2238
3002 2151
3003 948
3004 2035
3005 2383
3006 4021
3007 2721
3008 3972
3009 997
301 3438
3010 1703
3011 377
3012 2997
3013 3499
3014 1210
3015 2925
3016 2452
3017 2222
3018 2704
3019 1892
302 2553
3020 1378
3021 2474
3022 2342
3023 2363
3024 408
3025 2065
3026 1211
3027 2350
3028 2085
3029 2252
303 84
3030 2872
3031 3063
3032 190
3033 263
3034 3203
3035 333
3036 3290
3037 2663
3038 2136
3039 1794
304 658
3040 264
3041 2141
3042 3690
3043 589
3044 3626
3045 3689
3046 2471
3047 2512
3048 3020
3049 2012
305 3057
3050 2926
3051 332
3052 224
3053 3480
3054 1043
3055 3904
3056 269
3057 3403
3058 2806
3059 3688
306 1559
3060 407
3061 376
3062 2206
3063 3241
3064 1662
3065 887
3066 975
3067 2902
3068 1582
3069 2900
307 3092
3070 404
3071 3871
3072 974
3073 2330
3074 987
3075 2135
3076 1229
3077 781
3078 1018
3079 2684
308 1894
3080 2529
3081 1497
3082 336
3083 977
3084 257
3085 1387
3086 1581
3087 251
3088 3941
3089 3363
309 1424
3090 823
3091 3491
3092 3810
3093 2729
3094 2090
3095 1268
3096 2296
3097 973
3098 2265
3099 3501
31 3537
310 1764
3100 2083
3101 2140
3102 1797
3103 1888
3104 3576
3105 2321
3106 2732
3107 867
3108 1045
3109 3782
311 2364
3110 2403
3111 1874
3112 1992
3113 391
3114 372
3115 2748
3116 692
3117 2033
3118 2382
3119 1381
312 2406
3120 548
3121 2999
3122 2323
3123 3753
3124 2120
3125 2599
3126 2968
3127 989
3128 3197
3129 888
313 2232
3130 1938
3131 2833
3132 1454
3133 3792
3134 3691
3135 443
3136 1243
3137 821
3138 3019
3139 819
314 479
3140 191
3141 287
3142 1663
3143 3931
3144 2139
3145 2538
3146 2575
3147 986
3148 338
3149 1526
315 1918
3150 1593
3151 3066
3152 1439
3153 1873
3154 2399
3155 3240
3156 3033
3157 3623
3158 2014
3159 2680
316 3821
3160 2805
3161 192
3162 385
3163 2840
3164 1586
3165 1929
3166 2266
3167 2975
3168 1891
3169 2347
317 2534
3170 2934
3171 3337
3172 1876
3173 3261
3174 265
3175 3801
3176 2903
3177 784
3178 2921
3179 695
318 1396
3180 2834
3181 2836
3182 3176
3183 2467
3184 511
3185 2711
3186 3839
3187 3676
3188 2142
3189 2557
319 2397
3190 1925
3191 1501
3192 3339
3193 2331
3194 2778
3195 886
3196 439
3197 3479
3198 2062
3199 2239
32 3528
320 1423
3200 2504
3201 545
3202 3730
3203 1799
3204 504
3205 2344
3206 2530
3207 783
3208 2874
3209 2686
321 3386
3210 2470
3211 793
3212 2555
3213 3205
3214 194
3215 3152
3216 3478
3217 2119
3218 2322
3219 252
322 2367
3220 370
3221 2473
3222 3653
3223 3734
3224 389
3225 506
3226 1208
3227 3632
3228 2108
3229 2980
323 760
3230 2204
3231 1704
3232 225
3233 1456
3234 2793
3235 2931
3236 2745
3237 2430
3238 3064
3239 2348
324 1858
3240 2795
3241 3522
3242 3788
3243 2770
3244 2852
3245 3425
3246 2465
3247 1090
3248 2283
3249 2950
325 748
3250 3754
3251 2882
3252 335
3253 440
3254 3293
3255 2974
3256 592
3257 817
3258 3030
3259 3862
326 946
3260 2138
3261 379
3262 2951
3263 1585
3264 870
3265 546
3266 3639
3267 550
3268 3065
3269 3631
327 3085
3270 3209
3271 2502
3272 3153
3273 3298
3274 295
3275 2177
3276 2194
3277 382
3278 1523
3279 996
328 2549
3280 337
3281 2713
3282 3800
3283 486
3284 2343
3285 1246
3286 2839
3287 2576
3288 2279
3289 1228
329 86
3290 3207
3291 2280
3292 2559
3293 513
3294 3367
3295 1584
3296 696
3297 2554
3298 2456
3299 2685
33 1557
330 2705
3300 3959
3301 3072
3302 693
3303 2890
3304 1264
3305 3899
3306 384
3307 2953
3308 3952
3309 488
331 1857
3310 3139
3311 2281
3312 2683
3313 590
3314 483
3315 2429
3316 547
3317 3733
3318 484
3319 771
332 41
3320 1795
3321 1798
3322 976
3323 2774
3324 3828
3325 3243
3326 3786
3327 1926
3328 2796
3329 992
333 1076
3330 552
3331 2644
3332 1796
3333 3852
3334 3835
3335 2794
3336 3140
3337 1453
3338 2118
3339 1660
334 2255
3340 1244
3341 2404
3342 1594
3343 972
3344 388
3345 2149
3346 794
3347 501
3348 1047
3349 3032
335 774
3350 1747
3351 383
3352 2807
3353 386
3354 288
3355 3049
3356 1247
3357 2920
3358 2769
3359 797
336 3813
3360 291
3361 3996
3362 812
3363 1342
3364 254
3365 250
3366 1249
3367 1230
3368 2086
3369 585
337 3328
3370 3289
3371 1887
3372 2883
3373 1991
3374 3579
3375 3482
3376 1592
3377 1231
3378 380
3379 1742
338 3567
3380 2574
3381 3343
3382 487
3383 3204
3384 2253
3385 1379
3386 3116
3387 816
3388 2967
3389 2032
339 1897
3390 810
3391 390
3392 2491
3393 1502
3394 2751
3395 583
3396 2240
3397 549
3398 1498
3399 815
34 4010
340 3433
3400 1021
3401 1591
3402 1089
3403 868
3404 3291
3405 3804
3406 2976
3407 3550
3408 2851
3409 2178
341 3012
3410 1889
3411 2952
3412 1890
3413 3905
3414 3829
3415 2558
3416 2722
3417 374
3418 438
3419 3280
342 2366
3420 2147
3421 2137
3422 2453
3423 482
3424 3858
3425 3827
3426 801
3427 3675
3428 1872
3429 249
343 2407
3430 818
3431 2798
3432 3580
3433 1344
3434 292
3435 2771
3436 3575
3437 127
3438 1824
3439 198
344 2668
3440 1817
3441 3517
3442 1200
3443 980
3444 1993
3445 1564
3446 121
3447 91
3448 2816
3449 1134
345 3459
3450 1816
3451 3718
3452 3311
3453 3943
3454 321
3455 48
3456 1836
3457 579
3458 103
3459 3429
346 44
3460 409
3461 578
3462 2780
3463 2566
3464 981
3465 2153
3466 517
3467 2938
3468 1542
3469 1221
347 1896
3470 2573
3471 2810
3472 3123
3473 395
3474 3101
3475 2817
3476 1239
3477 3877
3478 1609
3479 3184
348 21
3480 112
3481 3680
3482 1835
3483 1641
3484 2759
3485 2809
3486 704
3487 594
3488 2371
3489 3401
349 3088
3490 124
3491 2818
3492 1800
3493 3475
3494 708
3495 1135
3496 595
3497 580
3498 2949
3499 3045
35 3954
350 2765
3500 866
3501 1837
3502 3531
3503 314
3504 2670
3505 1198
3506 413
3507 1604
3508 2175
3509 705
351 1953
3510 3700
3511 466
3512 2228
3513 200
3514 962
3515 3603
3516 310
3517 3332
3518 1300
3519 2154
352 3710
3520 3703
3521 2758
3522 1804
3523 307
3524 1242
3525 1826
3526 1808
3527 174
3528 1810
3529 519
353 81
3530 2617
3531 3518
3532 3496
3533 341
3534 3076
3535 3798
3536 342
3537 1611
3538 397
3539 109
354 1391
3540 114
3541 2522
3542 318
3543 1809
3544 3390
3545 170
3546 1567
3547 1219
3548 1512
3549 122
355 527
3550 1802
3551 1563
3552 3195
3553 46
3554 521
3555 2567
3556 167
3557 1463
3558 1630
3559 317
356 1258
3560 3775
3561 2940
3562 2039
3563 1807
3564 497
3565 4020
3566 344
3567 632
3568 2068
3569 1833
357 2631
3570 1640
3571 1724
3572 1372
3573 1302
3574 2739
3575 3325
3576 1514
3577 1513
3578 171
3579 3111
358 3636
3580 529
3581 311
3582 3698
3583 108
3584 1632
3585 3126
3586 320
3587 862
3588 3915
3589 3845
359 2734
3590 1473
3591 459
3592 1805
3593 415
3594 312
3595 633
3596 1136
3597 3929
3598 3124
3599 533
36 1419
360 984
3600 107
3601 2067
3602 1241
3603 3738
3604 319
3605 1997
3606 3112
3607 2489
3608 537
3609 1756
361 3310
3610 2230
3611 1757
3612 1240
3613 2038
3614 3318
3615 1201
3616 623
3617 464
3618 3687
3619 3719
362 2637
3620 3161
3621 4016
3622 2565
3623 978
3624 3134
3625 116
3626 1908
3627 2076
3628 1565
3629 1196
363 2619
3630 1811
3631 345
3632 593
3633 1642
3634 2520
3635 960
3636 922
3637 2224
3638 202
3639 308
364 2278
3640 1758
3641 1448
3642 2226
3643 417
3644 47
3645 979
3646 416
3647 1311
3648 414
3649 306
365 3860
3650 3938
3651 1825
3652 3400
3653 3951
3654 2742
3655 1608
3656 1510
3657 599
3658 2225
3659 2743
366 2058
3660 3820
3661 3893
3662 123
3663 49
3664 1610
3665 3474
3666 2649
3667 3079
3668 518
3669 3144
367 1729
3670 2959
3671 3430
3672 118
3673 3699
3674 2229
3675 2155
3676 106
3677 596
3678 3993
3679 92
368 2737
3680 411
3681 1996
3682 125
3683 1517
3684 2811
3685 3125
3686 3389
3687 1299
3688 166
3689 1540
369 1270
3690 2071
3691 3970
3692 3046
3693 111
3694 2939
3695 3866
3696 861
3697 2741
3698 2757
3699 624
37 3939
370 2417
3700 3937
3701 1726
3702 1301
3703 2696
3704 3898
3705 1628
3706 1370
3707 581
3708 3110
3709 4024
371 2636
3710 531
3711 3074
3712 3945
3713 2052
3714 1371
3715 1474
3716 199
3717 3983
3718 1631
3719 465
372 186
3720 3986
3721 2720
3722 1199
3723 2671
3724 530
3725 598
3726 1222
3727 3649
3728 1982
3729 2779
373 982
3730 1464
3731 172
3732 3933
3733 3854
3734 1643
3735 532
3736 3223
3737 2227
3738 1607
3739 3471
374 2641
3740 921
3741 3118
3742 1995
3743 399
3744 3984
3745 3113
3746 1670
3747 2176
3748 3504
3749 3370
375 3868
3750 1509
3751 3685
3752 2562
3753 3005
3754 1606
3755 3564
3756 1465
3757 3109
3758 709
3759 1981
376 2422
3760 1838
3761 520
3762 1462
3763 3198
3764 462
3765 1447
3766 2490
3767 3495
3768 1446
3769 51
377 2736
3770 496
3771 3971
3772 1984
3773 2937
3774 1725
3775 1801
3776 3694
3777 1543
3778 128
3779 3023
378 286
3780 1507
3781 3922
3782 2942
3783 864
3784 3075
3785 1815
3786 3267
3787 3805
3788 3286
3789 3950
379 4018
3790 1516
3791 2173
3792 3073
3793 104
3794 412
3795 3420
3796 2744
3797 2691
3798 3906
3799 201
38 2101
380 524
3800 1137
3801 2581
3802 3791
3803 3497
3804 3721
3805 3934
3806 3142
3807 3989
3808 3637
3809 2174
381 2250
3810 461
3811 3249
3812 343
3813 3143
3814 126
3815 534
3816 3732
3817 3701
3818 1544
3819 394
382 1647
3820 3693
3821 3099
3822 1627
3823 498
3824 2372
3825 105
3826 706
3827 920
3828 1313
3829 2941
383 1353
3830 340
3831 2697
3832 963
3833 710
3834 463
3835 1834
3836 1237
3837 1238
3838 315
3839 597
384 3663
3840 2488
3841 1220
3842 959
3843 3578
3844 516
3845 3708
3846 1671
3847 1983
3848 1312
3849 1994
385 2766
3850 1197
3851 1827
3852 1132
3853 3222
3854 3114
3855 1818
3856 4014
3857 3595
3858 961
3859 2521
386 3394
3860 120
3861 2849
3862 3505
3863 3127
3864 3388
3865 3795
3866 1541
3867 538
3868 401
3869 2561
387 2564
3870 2070
3871 396
3872 1803
3873 1133
3874 400
3875 3920
3876 3507
3877 2823
3878 3606
3879 2572
388 3288
3880 3266
3881 3319
3882 3607
3883 309
3884 169
3885 2580
3886 2808
3887 3428
3888 1806
3889 3441
389 133
3890 110
3891 1303
3892 398
3893 4019
3894 3077
3895 2870
3896 2069
3897 1639
3898 313
3899 3956
39 1855
390 2481
3900 410
3901 2756
3902 173
3903 1629
3904 2822
3905 528
3906 1819
3907 535
3908 3503
3909 3329
391 1960
3910 2075
3911 3532
3912 402
3913 582
3914 3487
3915 634
3916 3720
3917 631
3918 3199
3919 305
392 1163
3920 863
3921 536
3922 3932
3923 2690
3924 460
3925 3764
3926 1515
3927 1605
3928 2036
3929 1508
393 3776
3930 2740
3931 1369
3932 622
3933 865
3934 316
3935 3965
3936 2936
3937 2665
3938 117
3939 1566
394 1393
3940 2152
3941 1445
3942 3824
3943 3145
3944 3196
3945 1812
3946 499
3947 2819
3948 1511
3949 3250
395 1667
3950 2958
3951 1832
3952 3502
3953 3851
3954 2850
3955 2072
3956 2519
3957 1723
3958 2560
3959 3843
396 3763
3960 860
3961 2669
3962 115
3963 3215
3964 2172
3965 3108
3966 119
3967 3695
3968 113
3969 2820
397 184
3970 339
3971 168
3972 1223
3973 3815
3974 1759
3975 3350
3976 707
3977 50
3978 2764
3979 2957
398 3037
3980 910
3981 907
3982 562
3983 3347
3984 2841
3985 927
3986 567
3987 2927
3988 925
3989 3404
399 2276
3990 2270
3991 2843
3992 929
3993 924
3994 908
3995 2844
3996 911
3997 563
3998 2440
3999 2441
4 1917
40 2526
400 1167
4000 568
4001 2929
4002 912
4003 565
4004 926
4005 3900
4006 3157
4007 2970
4008 2969
4009 564
401 20
4010 2214
4011 3622
4012 2928
4013 2842
4014 561
4015 3158
4016 923
4017 2858
4018 909
4019 2944
402 1676
4020 3156
4021 930
4022 3844
4023 928
4024 3722
4025 2269
4026 2845
4027 913
4028 3660
4029 3643
403 1646
4030 566
4031 2856
4032 3149
4033 3148
4034 2857
4035 3642
4036 2442
4037 2943
4038 3308
404 2483
405 3635
406 2563
407 1162
408 1166
409 3677
41 1716
410 2218
411 1257
412 1617
413 3940
414 1355
415 1950
416 131
417 130
418 3258
419 132
42 3446
420 1261
421 183
422 1675
423 24
424 1269
425 1693
426 2678
427 1699
428 1959
429 1669
43 2933
430 1958
431 2432
432 3743
433 3287
434 3090
435 2248
436 23
437 2435
438 2057
439 1696
44 3527
440 2484
441 3585
442 3565
443 2643
444 2482
445 1698
446 3657
447 3811
448 3919
449 2830
45 3594
450 3596
451 1143
452 2418
453 2642
454 1954
455 2420
456 2055
457 137
458 1644
459 136
46 3103
460 1271
461 2433
462 4009
463 2434
464 1664
465 1951
466 3306
467 22
468 3859
469 134
47 3439
470 2219
471 1144
472 1259
473 1697
474 3957
475 1944
476 1974
477 1390
478 3211
479 1156
48 64
480 2640
481 1159
482 3715
483 178
484 557
485 522
486 1915
487 2386
488 1971
489 3742
49 1762
490 1161
491 1160
492 2767
493 1165
494 3855
495 2056
496 2977
497 1574
498 3539
499 129
5 2524
50 763
500 285
501 2277
502 3670
503 1164
504 1668
505 3819
506 1972
507 985
508 3210
509 2630
51 3509
510 1392
511 77
512 76
513 1155
514 1677
515 1157
516 135
517 78
518 523
519 1158
52 1761
520 3549
521 526
522 1649
523 2423
524 983
525 1692
526 2054
527 3526
528 2419
529 2416
53 42
530 3799
531 1648
532 2436
533 1645
534 3089
535 2326
536 3359
537 1260
538 1728
539 3569
54 2908
540 82
541 3257
542 1665
543 2639
544 525
545 3131
546 2955
547 2956
548 3259
549 1700
55 2606
550 83
551 2249
552 3994
553 27
554 2632
555 3151
556 1272
557 2735
558 2638
559 2738
56 779
560 26
561 1708
562 2954
563 2421
564 1952
565 2220
566 187
567 177
568 3150
569 1262
57 745
570 185
571 3875
572 3751
573 1955
574 1673
575 3164
576 3892
577 2123
578 453
579 2042
58 950
580 1618
581 3584
582 1590
583 450
584 3405
585 2351
586 3909
587 2912
588 1779
589 3082
59 3510
590 176
591 1666
592 968
593 2629
594 3348
595 458
596 1358
597 2946
598 2040
599 2871
6 3105
60 2231
600 635
601 3091
602 3647
603 1571
604 2733
605 971
606 79
607 3874
608 3838
609 3081
61 474
610 1691
611 3493
612 1782
613 3080
614 1595
615 2124
616 967
617 969
618 965
619 970
62 1394
620 2352
621 2750
622 2373
623 3121
624 1777
625 3414
626 1956
627 1587
628 2122
629 1686
63 2730
630 1781
631 1672
632 456
633 3276
634 25
635 637
636 3165
637 555
638 3735
639 2043
64 1722
640 455
641 1616
642 3583
643 638
644 1780
645 2913
646 1695
647 2880
648 3536
649 3535
65 3538
650 452
651 1694
652 3452
653 1357
654 1573
655 3834
656 3812
657 1957
658 2666
659 457
66 3094
660 3451
661 454
662 1588
663 2374
664 3492
665 2879
666 1572
667 1356
668 1778
669 1168
67 775
670 451
671 3758
672 2353
673 2081
674 4025
675 1589
676 1354
677 3120
678 966
679 964
68 2114
680 175
681 636
682 3406
683 3793
684 2041
685 2945
686 935
687 1986
688 1107
689 3013
69 3988
690 3349
691 3832
692 3681
693 3548
694 68
695 936
696 1503
697 1217
698 932
699 1844
7 1895
70 3872
700 3646
701 1213
702 3353
703 958
704 3351
705 717
706 1518
707 1521
708 2542
709 73
71 3093
710 3599
711 1000
712 1520
713 719
714 1359
715 1505
716 2543
717 3745
718 1102
719 75
72 656
720 1484
721 1412
722 1487
723 3547
724 1414
725 1360
726 1103
727 884
728 1060
729 956
73 2791
730 2438
731 3040
732 1005
733 1519
734 2257
735 2303
736 1413
737 1612
738 1504
739 1483
74 38
740 1218
741 3444
742 3025
743 1845
744 1416
745 70
746 2207
747 1215
748 1106
749 2210
75 3135
750 3964
751 1506
752 883
753 3100
754 711
755 1064
756 3572
757 2208
758 1105
759 3373
76 3202
760 879
761 3766
762 2447
763 3921
764 1059
765 1283
766 880
767 2211
768 3026
769 1216
77 3597
770 1065
771 1004
772 1282
773 715
774 934
775 2209
776 3117
777 2311
778 718
779 3304
78 2550
780 1290
781 71
782 3411
783 1063
784 1486
785 3078
786 3410
787 937
788 1970
789 1362
79 2523
790 1969
791 1007
792 2309
793 938
794 878
795 3767
796 1002
797 1062
798 69
799 2360
8 3523
80 62
800 1214
801 3352
802 1006
803 3686
804 954
805 713
806 1522
807 1418
808 1767
809 2672
81 1719
810 933
811 2437
812 3650
813 1613
814 2476
815 712
816 1846
817 1104
818 1003
819 1417
82 478
820 716
821 3876
822 1008
823 72
824 74
825 3573
826 3174
827 2448
828 1061
829 1001
83 3213
830 1284
831 3305
832 3850
833 1614
834 881
835 2310
836 2446
837 2362
838 2361
839 1361
84 2634
840 1485
841 2143
842 882
843 714
844 3374
845 3574
846 3802
847 3484
848 1415
849 1985
85 3511
850 1615
851 4013
852 3508
853 2551
854 2475
855 2359
856 957
857 1909
858 1625
859 2191
86 1098
860 3969
861 1288
862 2037
863 1289
864 3391
865 1626
866 2605
867 3256
868 2015
869 3294
87 2821
870 2803
871 2804
872 2190
873 2189
874 1936
875 1624
876 1765
877 1935
878 1287
879 2604
88 65
880 2312
881 2603
882 2302
883 1766
884 3443
885 2188
886 1286
887 2187
888 1285
889 955
89 3104
890 931
891 3018
892 2650
893 3750
894 2802
895 2602
896 894
897 1184
898 2009
899 3619
9 1494
90 3313
900 755
901 2460
902 2889
903 2369
904 1853
905 1754
906 2314
907 2127
908 733
909 2541
91 3301
910 3885
911 3589
912 2498
913 573
914 426
915 2184
916 141
917 279
918 3577
919 1533
92 260
920 857
921 182
922 1823
923 3483
924 3656
925 211
926 2308
927 1204
928 2647
929 3590
93 1717
930 2377
931 2341
932 1318
933 3466
934 858
935 3586
936 3515
937 570
938 1280
939 1321
94 2110
940 2376
941 179
942 1623
943 3219
944 2045
945 3879
946 951
947 1294
948 3435
949 489
95 3086
950 2646
951 2935
952 2919
953 1772
954 542
955 3397
956 3591
957 3050
958 3172
959 2316
96 3512
960 2268
961 3398
962 1304
963 1281
964 1864
965 2860
966 2655
967 1656
968 2025
969 280
97 3761
970 4001
971 2023
972 2914
973 3978
974 3979
975 3187
976 54
977 277
978 1273
979 3611
98 1397
980 2760
981 3238
982 1276
983 1924
984 720
985 3494
986 1053
987 3772
988 729
989 7
99 2102
990 3047
991 3604
992 2030
993 140
994 3985
995 626
996 3948
997 1316
998 2267
999 142
